


% 有效范围：W 494 * H 683
word_width = 494;
word_height = 683;
base_file = pwd;
tab_num = 19;
Fdvi_error = 0;% number of error dataset
F_error = 0.005;% universal error

% Fmax=[0.02	0.05	0.05	0.05;
% 0.10	0.20	0.15	0.15;
% 0.10	0.20	0.15	0.15;
% 0.10	0.20	0.15	0.15;
% 0.10	0.20	0.15	0.15];

Fmax=[0.02  0.05	0.02	0.05    0.05    0.02    0.05    0.05    0.05;
      0.10	0.15	0.10	0.20    0.15    0.10    0.20    0.15    0.15;
      0.10	0.15	0.10	0.20    0.15    0.10    0.20    0.15    0.15
      0.10	0.15	0.10	0.20    0.15    0.10    0.20    0.15    0.15
      0.10	0.15	0.10	0.20    0.15    0.10    0.20    0.15    0.15];